           Accuracy    Sensitivity  Specicity AUC
Shenyang: (0.6763636363636364, 0.6, 0.75, 0.7310413223140496)

Beijing: (0.7572815533980582, 0.63, 0.89, 0.850188679245283)

COBRE: (0.7724137931034483, 0.79, 0.76, 0.8593452607537114)

UCLA: (0.7272727272727273, 0.74, 0.72, 0.7861904761904762)